"Market and Exchange Names","As of Date in Form YYMMDD","As of Date in Form YYYY-MM-DD","CFTC Contract Market Code","CFTC Market Code in Initials","CFTC Region Code","CFTC Commodity Code","Open Interest (All)","Noncommercial Positions-Long (All)","Noncommercial Positions-Short (All)","Noncommercial Positions-Spreading (All)","Commercial Positions-Long (All)","Commercial Positions-Short (All)"," Total Reportable Positions-Long (All)","Total Reportable Positions-Short (All)","Nonreportable Positions-Long (All)","Nonreportable Positions-Short (All)","Open Interest (Old)","Noncommercial Positions-Long (Old)","Noncommercial Positions-Short (Old)","Noncommercial Positions-Spreading (Old)","Commercial Positions-Long (Old)","Commercial Positions-Short (Old)","Total Reportable Positions-Long (Old)","Total Reportable Positions-Short (Old)","Nonreportable Positions-Long (Old)","Nonreportable Positions-Short (Old)","Open Interest (Other)","Noncommercial Positions-Long (Other)","Noncommercial Positions-Short (Other)","Noncommercial Positions-Spreading (Other)","Commercial Positions-Long (Other)","Commercial Positions-Short (Other)","Total Reportable Positions-Long (Other)","Total Reportable Positions-Short (Other)","Nonreportable Positions-Long (Other)","Nonreportable Positions-Short (Other)","Change in Open Interest (All)","Change in Noncommercial-Long (All)","Change in Noncommercial-Short (All)","Change in Noncommercial-Spreading (All)","Change in Commercial-Long (All)","Change in Commercial-Short (All)","Change in Total Reportable-Long (All)","Change in Total Reportable-Short (All)","Change in Nonreportable-Long (All)","Change in Nonreportable-Short (All)","% of Open Interest (OI) (All)","% of OI-Noncommercial-Long (All)","% of OI-Noncommercial-Short (All)","% of OI-Noncommercial-Spreading (All)","% of OI-Commercial-Long (All)","% of OI-Commercial-Short (All)","% of OI-Total Reportable-Long (All)","% of OI-Total Reportable-Short (All)","% of OI-Nonreportable-Long (All)","% of OI-Nonreportable-Short (All)","% of Open Interest (OI)(Old)","% of OI-Noncommercial-Long (Old)","% of OI-Noncommercial-Short (Old)","% of OI-Noncommercial-Spreading (Old)","% of OI-Commercial-Long (Old)","% of OI-Commercial-Short (Old)","% of OI-Total Reportable-Long (Old)","% of OI-Total Reportable-Short (Old)","% of OI-Nonreportable-Long (Old)","% of OI-Nonreportable-Short (Old)","% of Open Interest (OI) (Other)","% of OI-Noncommercial-Long (Other)","% of OI-Noncommercial-Short (Other)","% of OI-Noncommercial-Spreading (Other)","% of OI-Commercial-Long (Other)","% of OI-Commercial-Short (Other)","% of OI-Total Reportable-Long (Other)","% of OI-Total Reportable-Short (Other)","% of OI-Nonreportable-Long (Other)","% of OI-Nonreportable-Short (Other)","Traders-Total (All)","Traders-Noncommercial-Long (All)","Traders-Noncommercial-Short (All)","Traders-Noncommercial-Spreading (All)","Traders-Commercial-Long (All)","Traders-Commercial-Short (All)","Traders-Total Reportable-Long (All)","Traders-Total Reportable-Short (All)","Traders-Total (Old)","Traders-Noncommercial-Long (Old)","Traders-Noncommercial-Short (Old)","Traders-Noncommercial-Spreading (Old)","Traders-Commercial-Long (Old)","Traders-Commercial-Short (Old)","Traders-Total Reportable-Long (Old)","Traders-Total Reportable-Short (Old)","Traders-Total (Other)","Traders-Noncommercial-Long (Other)","Traders-Noncommercial-Short (Other)","Traders-Noncommercial-Spreading (Other)","Traders-Commercial-Long (Other)","Traders-Commercial-Short (Other)","Traders-Total Reportable-Long (Other)","Traders-Total Reportable-Short (Other)","Concentration-Gross LT = 4 TDR-Long (All)","Concentration-Gross LT =4 TDR-Short (All)","Concentration-Gross LT =8 TDR-Long (All)","Concentration-Gross LT =8 TDR-Short (All)","Concentration-Net LT =4 TDR-Long (All)","Concentration-Net LT =4 TDR-Short (All)","Concentration-Net LT =8 TDR-Long (All)","Concentration-Net LT =8 TDR-Short (All)","Concentration-Gross LT =4 TDR-Long (Old)","Concentration-Gross LT =4 TDR-Short (Old)","Concentration-Gross LT =8 TDR-Long (Old)","Concentration-Gross LT =8 TDR-Short (Old)","Concentration-Net LT =4 TDR-Long (Old)","Concentration-Net LT =4 TDR-Short (Old)","Concentration-Net LT =8 TDR-Long (Old)","Concentration-Net LT =8 TDR-Short (Old)","Concentration-Gross LT =4 TDR-Long (Other)","Concentration-Gross LT =4 TDR-Short(Other)","Concentration-Gross LT =8 TDR-Long (Other)","Concentration-Gross LT =8 TDR-Short(Other)","Concentration-Net LT =4 TDR-Long (Other)","Concentration-Net LT =4 TDR-Short (Other)","Concentration-Net LT =8 TDR-Long (Other)","Concentration-Net LT =8 TDR-Short (Other)","Contract Units","CFTC Contract Market Code (Quotes)","CFTC Market Code in Initials (Quotes)","CFTC Commodity Code (Quotes)"
"EURO FX - CHICAGO MERCANTILE EXCHANGE",251230,2025-12-30,099741,CME ,00,099 ,  869169,  294738,  137273,   17460,  464299,  675925,  776497,  830658,   92672,   38511,  869169,  294738,  137273,   17460,  464299,  675925,  776497,  830658,   92672,   38511,       0,       0,       0,       0,       0,       0,       0,       0,       0,       0,    2218,    1559,    3985,    -585,     815,    2963,    1789,    6363,     429,   -4145,  100.0,   33.9,   15.8,    2.0,   53.4,   77.8,   89.3,   95.6,   10.7,    4.4,  100.0,   33.9,   15.8,    2.0,   53.4,   77.8,   89.3,   95.6,   10.7,    4.4,    0.0,    0.0,    0.0,    0.0,    0.0,    0.0,    0.0,    0.0,    0.0,    0.0,    317,    104,     35,     23,    138,     90,    249,    141,    317,    104,     35,     23,    138,     90,    249,    141,      0,      0,      0,      0,      0,      0,      0,      0,    16.5,    54.4,    26.3,    69.8,    15.8,    54.4,    25.4,    69.7,    16.5,    54.4,    26.3,    69.8,    15.8,    54.4,    25.4,    69.7,     0.0,     0.0,     0.0,     0.0,     0.0,     0.0,     0.0,     0.0,"(CONTRACTS OF EUR 125,000)","099741","CME ","099 "
"EURO FX - CHICAGO MERCANTILE EXCHANGE",251223,2025-12-23,099741,CME ,00,099 ,  866951,  293179,  133288,   18045,  463484,  672962,  774708,  824295,   92243,   42656,  866951,  293179,  133288,   18045,  463484,  672962,  774708,  824295,   92243,   42656,       0,       0,       0,       0,       0,       0,       0,       0,       0,       0, -120035,   16177,    1189,     565,   11901,   25322,   28643,   27076, -148678, -147111,  100.0,   33.8,   15.4,    2.1,   53.5,   77.6,   89.4,   95.1,   10.6,    4.9,  100.0,   33.8,   15.4,    2.1,   53.5,   77.6,   89.4,   95.1,   10.6,    4.9,    0.0,    0.0,    0.0,    0.0,    0.0,    0.0,    0.0,    0.0,    0.0,    0.0,    320,    107,     34,     25,    139,     91,    251,    145,    320,    107,     34,     25,    139,     91,    251,    145,      0,      0,      0,      0,      0,      0,      0,      0,    16.6,    54.5,    26.5,    69.8,    15.9,    54.5,    25.5,    69.7,    16.6,    54.5,    26.5,    69.8,    15.9,    54.5,    25.5,    69.7,     0.0,     0.0,     0.0,     0.0,     0.0,     0.0,     0.0,     0.0,"(CONTRACTS OF EUR 125,000)","099741","CME ","099 "
"EURO FX - CHICAGO MERCANTILE EXCHANGE",251216,2025-12-16,099741,CME ,00,099 ,  986986,  277002,  132099,   17480,  451583,  647640,  746065,  797219,  240921,  189767,  986986,  277002,  132099,   17480,  451583,  647640,  746065,  797219,  240921,  189767,       0,       0,       0,       0,       0,       0,       0,       0,       0,       0,   44192,    8884,    2769,  -21875,  -85079,  -78619,  -98070,  -97725,  142262,  141917,  100.0,   28.1,   13.4,    1.8,   45.8,   65.6,   75.6,   80.8,   24.4,   19.2,  100.0,   28.1,   13.4,    1.8,   45.8,   65.6,   75.6,   80.8,   24.4,   19.2,    0.0,    0.0,    0.0,    0.0,    0.0,    0.0,    0.0,    0.0,    0.0,    0.0,    312,    110,     32,     25,    134,     84,    251,    134,    312,    110,     32,     25,    134,     84,    251,    134,      0,      0,      0,      0,      0,      0,      0,      0,    13.5,    45.7,    21.9,    58.9,    12.9,    45.7,    21.1,    58.8,    13.5,    45.7,    21.9,    58.9,    12.9,    45.7,    21.1,    58.8,     0.0,     0.0,     0.0,     0.0,     0.0,     0.0,     0.0,     0.0,"(CONTRACTS OF EUR 125,000)","099741","CME ","099 "
"EURO FX - CHICAGO MERCANTILE EXCHANGE",251209,2025-12-09,099741,CME ,00,099 ,  942794,  268118,  129330,   39355,  536662,  726259,  844135,  894944,   98659,   47850,  942794,  268118,  129330,   39355,  536662,  726259,  844135,  894944,   98659,   47850,       0,       0,       0,       0,       0,       0,       0,       0,       0,       0,   91610,   18446,  -11889,   12514,   54334,   88179,   85294,   88804,    6316,    2806,  100.0,   28.4,   13.7,    4.2,   56.9,   77.0,   89.5,   94.9,   10.5,    5.1,  100.0,   28.4,   13.7,    4.2,   56.9,   77.0,   89.5,   94.9,   10.5,    5.1,    0.0,    0.0,    0.0,    0.0,    0.0,    0.0,    0.0,    0.0,    0.0,    0.0,    305,     95,     38,     26,    133,     94,    236,    152,    305,     95,     38,     26,    133,     94,    236,    152,      0,      0,      0,      0,      0,      0,      0,      0,    17.0,    54.2,    27.9,    69.8,    16.4,    52.7,    26.1,    68.0,    17.0,    54.2,    27.9,    69.8,    16.4,    52.7,    26.1,    68.0,     0.0,     0.0,     0.0,     0.0,     0.0,     0.0,     0.0,     0.0,"(CONTRACTS OF EUR 125,000)","099741","CME ","099 "
"EURO FX - CHICAGO MERCANTILE EXCHANGE",251202,2025-12-02,099741,CME ,00,099 ,  851184,  249672,  141219,   26841,  482328,  638080,  758841,  806140,   92343,   45044,  851184,  249672,  141219,   26841,  482328,  638080,  758841,  806140,   92343,   45044,       0,       0,       0,       0,       0,       0,       0,       0,       0,       0,   20595,    5280,   -9102,    5325,    8124,   26900,   18729,   23123,    1866,   -2528,  100.0,   29.3,   16.6,    3.2,   56.7,   75.0,   89.2,   94.7,   10.8,    5.3,  100.0,   29.3,   16.6,    3.2,   56.7,   75.0,   89.2,   94.7,   10.8,    5.3,    0.0,    0.0,    0.0,    0.0,    0.0,    0.0,    0.0,    0.0,    0.0,    0.0,    302,     89,     41,     28,    132,     95,    233,    152,    302,     89,     41,     28,    132,     95,    233,    152,      0,      0,      0,      0,      0,      0,      0,      0,    18.1,    56.4,    29.4,    70.7,    17.4,    55.7,    28.4,    69.9,    18.1,    56.4,    29.4,    70.7,    17.4,    55.7,    28.4,    69.9,     0.0,     0.0,     0.0,     0.0,     0.0,     0.0,     0.0,     0.0,"(CONTRACTS OF EUR 125,000)","099741","CME ","099 "
"EURO FX - CHICAGO MERCANTILE EXCHANGE",251125,2025-11-25,099741,CME ,00,099 ,  830589,  244392,  150321,   21516,  474204,  611180,  740112,  783017,   90477,   47572,  830589,  244392,  150321,   21516,  474204,  611180,  740112,  783017,   90477,   47572,       0,       0,       0,       0,       0,       0,       0,       0,       0,       0,    3574,     431,    5367,    1224,    1188,   -1986,    2843,    4605,     731,   -1031,  100.0,   29.4,   18.1,    2.6,   57.1,   73.6,   89.1,   94.3,   10.9,    5.7,  100.0,   29.4,   18.1,    2.6,   57.1,   73.6,   89.1,   94.3,   10.9,    5.7,    0.0,    0.0,    0.0,    0.0,    0.0,    0.0,    0.0,    0.0,    0.0,    0.0,    294,     82,     42,     25,    127,     93,    219,    150,    294,     82,     42,     25,    127,     93,    219,    150,      0,      0,      0,      0,      0,      0,      0,      0,    18.2,    57.0,    29.7,    69.9,    17.6,    56.8,    28.7,    69.6,    18.2,    57.0,    29.7,    69.9,    17.6,    56.8,    28.7,    69.6,     0.0,     0.0,     0.0,     0.0,     0.0,     0.0,     0.0,     0.0,"(CONTRACTS OF EUR 125,000)","099741","CME ","099 "
"EURO FX - CHICAGO MERCANTILE EXCHANGE",251118,2025-11-18,099741,CME ,00,099 ,  827015,  243961,  144954,   20292,  473016,  613166,  737269,  778412,   89746,   48603,  827015,  243961,  144954,   20292,  473016,  613166,  737269,  778412,   89746,   48603,       0,       0,       0,       0,       0,       0,       0,       0,       0,       0,   -4260,    8041,  -17377,   -2833,   -9842,   18935,   -4634,   -1275,     374,   -2985,  100.0,   29.5,   17.5,    2.5,   57.2,   74.1,   89.1,   94.1,   10.9,    5.9,  100.0,   29.5,   17.5,    2.5,   57.2,   74.1,   89.1,   94.1,   10.9,    5.9,    0.0,    0.0,    0.0,    0.0,    0.0,    0.0,    0.0,    0.0,    0.0,    0.0,    289,     84,     40,     24,    123,     90,    213,    148,    289,     84,     40,     24,    123,     90,    213,    148,      0,      0,      0,      0,      0,      0,      0,      0,    18.3,    57.2,    29.7,    70.7,    17.5,    57.2,    28.7,    70.7,    18.3,    57.2,    29.7,    70.7,    17.5,    57.2,    28.7,    70.7,     0.0,     0.0,     0.0,     0.0,     0.0,     0.0,     0.0,     0.0,"(CONTRACTS OF EUR 125,000)","099741","CME ","099 "
"EURO FX - CHICAGO MERCANTILE EXCHANGE",251110,2025-11-10,099741,CME ,00,099 ,  831275,  235920,  162331,   23125,  482858,  594231,  741903,  779687,   89372,   51588,  831275,  235920,  162331,   23125,  482858,  594231,  741903,  779687,   89372,   51588,       0,       0,       0,       0,       0,       0,       0,       0,       0,       0,   -3901,  -16622,    1584,    4685,    5956,   -9283,   -5981,   -3014,    2080,    -887,  100.0,   28.4,   19.5,    2.8,   58.1,   71.5,   89.2,   93.8,   10.8,    6.2,  100.0,   28.4,   19.5,    2.8,   58.1,   71.5,   89.2,   93.8,   10.8,    6.2,    0.0,    0.0,    0.0,    0.0,    0.0,    0.0,    0.0,    0.0,    0.0,    0.0,    295,     80,     45,     26,    124,     92,    214,    153,    295,     80,     45,     26,    124,     92,    214,    153,      0,      0,      0,      0,      0,      0,      0,      0,    18.1,    56.0,    29.9,    67.5,    17.4,    55.9,    28.8,    67.4,    18.1,    56.0,    29.9,    67.5,    17.4,    55.9,    28.8,    67.4,     0.0,     0.0,     0.0,     0.0,     0.0,     0.0,     0.0,     0.0,"(CONTRACTS OF EUR 125,000)","099741","CME ","099 "
"EURO FX - CHICAGO MERCANTILE EXCHANGE",251104,2025-11-04,099741,CME ,00,099 ,  835176,  252542,  160747,   18440,  476902,  603514,  747884,  782701,   87292,   52475,  835176,  252542,  160747,   18440,  476902,  603514,  747884,  782701,   87292,   52475,       0,       0,       0,       0,       0,       0,       0,       0,       0,       0,   -8541,    2142,   17680,    -146,   -5652,  -30636,   -3656,  -13102,   -4885,    4561,  100.0,   30.2,   19.2,    2.2,   57.1,   72.3,   89.5,   93.7,   10.5,    6.3,  100.0,   30.2,   19.2,    2.2,   57.1,   72.3,   89.5,   93.7,   10.5,    6.3,    0.0,    0.0,    0.0,    0.0,    0.0,    0.0,    0.0,    0.0,    0.0,    0.0,    312,     84,     55,     29,    126,     97,    219,    173,    312,     84,     55,     29,    126,     97,    219,    173,      0,      0,      0,      0,      0,      0,      0,      0,    17.6,    56.2,    29.4,    67.4,    16.9,    56.1,    28.3,    67.3,    17.6,    56.2,    29.4,    67.4,    16.9,    56.1,    28.3,    67.3,     0.0,     0.0,     0.0,     0.0,     0.0,     0.0,     0.0,     0.0,"(CONTRACTS OF EUR 125,000)","099741","CME ","099 "
"EURO FX - CHICAGO MERCANTILE EXCHANGE",251028,2025-10-28,099741,CME ,00,099 ,  843717,  250400,  143067,   18586,  482554,  634150,  751540,  795803,   92177,   47914,  843717,  250400,  143067,   18586,  482554,  634150,  751540,  795803,   92177,   47914,       0,       0,       0,       0,       0,       0,       0,       0,       0,       0,    7830,    5893,   10312,   -1065,    2593,   -2044,    7421,    7203,     409,     627,  100.0,   29.7,   17.0,    2.2,   57.2,   75.2,   89.1,   94.3,   10.9,    5.7,  100.0,   29.7,   17.0,    2.2,   57.2,   75.2,   89.1,   94.3,   10.9,    5.7,    0.0,    0.0,    0.0,    0.0,    0.0,    0.0,    0.0,    0.0,    0.0,    0.0,    301,     85,     42,     27,    130,     91,    224,    152,    301,     85,     42,     27,    130,     91,    224,    152,      0,      0,      0,      0,      0,      0,      0,      0,    17.4,    57.1,    28.5,    69.8,    16.6,    57.0,    27.3,    69.7,    17.4,    57.1,    28.5,    69.8,    16.6,    57.0,    27.3,    69.7,     0.0,     0.0,     0.0,     0.0,     0.0,     0.0,     0.0,     0.0,"(CONTRACTS OF EUR 125,000)","099741","CME ","099 "
"EURO FX - CHICAGO MERCANTILE EXCHANGE",251021,2025-10-21,099741,CME ,00,099 ,  835887,  244507,  132755,   19651,  479961,  636194,  744119,  788600,   91768,   47287,  835887,  244507,  132755,   19651,  479961,  636194,  744119,  788600,   91768,   47287,       0,       0,       0,       0,       0,       0,       0,       0,       0,       0,   -5192,    1497,   -1930,   -2133,   -4140,    2963,   -4776,   -1100,    -416,   -4092,  100.0,   29.3,   15.9,    2.4,   57.4,   76.1,   89.0,   94.3,   11.0,    5.7,  100.0,   29.3,   15.9,    2.4,   57.4,   76.1,   89.0,   94.3,   11.0,    5.7,    0.0,    0.0,    0.0,    0.0,    0.0,    0.0,    0.0,    0.0,    0.0,    0.0,    288,     84,     39,     26,    126,     87,    216,    146,    288,     84,     39,     26,    126,     87,    216,    146,      0,      0,      0,      0,      0,      0,      0,      0,    17.4,    57.5,    28.5,    71.1,    16.7,    57.4,    27.3,    71.0,    17.4,    57.5,    28.5,    71.1,    16.7,    57.4,    27.3,    71.0,     0.0,     0.0,     0.0,     0.0,     0.0,     0.0,     0.0,     0.0,"(CONTRACTS OF EUR 125,000)","099741","CME ","099 "
"EURO FX - CHICAGO MERCANTILE EXCHANGE",251014,2025-10-14,099741,CME ,00,099 ,  841079,  243010,  134685,   21784,  484101,  633231,  748895,  789700,   92184,   51379,  841079,  243010,  134685,   21784,  484101,  633231,  748895,  789700,   92184,   51379,       0,       0,       0,       0,       0,       0,       0,       0,       0,       0,  -14207,  -12897,   -2857,    5744,   -4001,  -22705,  -11154,  -19818,   -3053,    5611,  100.0,   28.9,   16.0,    2.6,   57.6,   75.3,   89.0,   93.9,   11.0,    6.1,  100.0,   28.9,   16.0,    2.6,   57.6,   75.3,   89.0,   93.9,   11.0,    6.1,    0.0,    0.0,    0.0,    0.0,    0.0,    0.0,    0.0,    0.0,    0.0,    0.0,    292,     85,     40,     26,    127,     86,    220,    144,    292,     85,     40,     26,    127,     86,    220,    144,      0,      0,      0,      0,      0,      0,      0,      0,    17.1,    57.4,    27.8,    70.7,    16.4,    57.3,    26.7,    70.6,    17.1,    57.4,    27.8,    70.7,    16.4,    57.3,    26.7,    70.6,     0.0,     0.0,     0.0,     0.0,     0.0,     0.0,     0.0,     0.0,"(CONTRACTS OF EUR 125,000)","099741","CME ","099 "
"EURO FX - CHICAGO MERCANTILE EXCHANGE",251007,2025-10-07,099741,CME ,00,099 ,  855286,  255907,  137542,   16040,  488102,  655936,  760049,  809518,   95237,   45768,  855286,  255907,  137542,   16040,  488102,  655936,  760049,  809518,   95237,   45768,       0,       0,       0,       0,       0,       0,       0,       0,       0,       0,    9511,    3377,    2381,    1173,    3993,    4691,    8543,    8245,     968,    1266,  100.0,   29.9,   16.1,    1.9,   57.1,   76.7,   88.9,   94.6,   11.1,    5.4,  100.0,   29.9,   16.1,    1.9,   57.1,   76.7,   88.9,   94.6,   11.1,    5.4,    0.0,    0.0,    0.0,    0.0,    0.0,    0.0,    0.0,    0.0,    0.0,    0.0,    306,     94,     39,     26,    133,     85,    233,    144,    306,     94,     39,     26,    133,     85,    233,    144,      0,      0,      0,      0,      0,      0,      0,      0,    17.1,    57.3,    27.7,    71.3,    16.4,    57.2,    26.7,    71.2,    17.1,    57.3,    27.7,    71.3,    16.4,    57.2,    26.7,    71.2,     0.0,     0.0,     0.0,     0.0,     0.0,     0.0,     0.0,     0.0,"(CONTRACTS OF EUR 125,000)","099741","CME ","099 "
"EURO FX - CHICAGO MERCANTILE EXCHANGE",250930,2025-09-30,099741,CME ,00,099 ,  845775,  252530,  135161,   14867,  484109,  651245,  751506,  801273,   94269,   44502,  845775,  252530,  135161,   14867,  484109,  651245,  751506,  801273,   94269,   44502,       0,       0,       0,       0,       0,       0,       0,       0,       0,       0,  -13440,      58,   -2966,   -1346,  -11350,   -9991,  -12638,  -14303,    -802,     863,  100.0,   29.9,   16.0,    1.8,   57.2,   77.0,   88.9,   94.7,   11.1,    5.3,  100.0,   29.9,   16.0,    1.8,   57.2,   77.0,   88.9,   94.7,   11.1,    5.3,    0.0,    0.0,    0.0,    0.0,    0.0,    0.0,    0.0,    0.0,    0.0,    0.0,    307,     90,     40,     24,    134,     85,    231,    142,    307,     90,     40,     24,    134,     85,    231,    142,      0,      0,      0,      0,      0,      0,      0,      0,    17.3,    58.2,    27.8,    71.5,    16.6,    58.2,    26.8,    71.4,    17.3,    58.2,    27.8,    71.5,    16.6,    58.2,    26.8,    71.4,     0.0,     0.0,     0.0,     0.0,     0.0,     0.0,     0.0,     0.0,"(CONTRACTS OF EUR 125,000)","099741","CME ","099 "
"EURO FX - CHICAGO MERCANTILE EXCHANGE",250923,2025-09-23,099741,CME ,00,099 ,  859215,  252472,  138127,   16213,  495459,  661236,  764144,  815576,   95071,   43639,  859215,  252472,  138127,   16213,  495459,  661236,  764144,  815576,   95071,   43639,       0,       0,       0,       0,       0,       0,       0,       0,       0,       0,    3767,    -789,    2625,    -873,    4978,    3375,    3316,    5127,     451,   -1360,  100.0,   29.4,   16.1,    1.9,   57.7,   77.0,   88.9,   94.9,   11.1,    5.1,  100.0,   29.4,   16.1,    1.9,   57.7,   77.0,   88.9,   94.9,   11.1,    5.1,    0.0,    0.0,    0.0,    0.0,    0.0,    0.0,    0.0,    0.0,    0.0,    0.0,    308,     91,     41,     26,    133,     87,    233,    145,    308,     91,     41,     26,    133,     87,    233,    145,      0,      0,      0,      0,      0,      0,      0,      0,    17.1,    57.9,    27.2,    71.0,    16.5,    57.9,    26.2,    70.9,    17.1,    57.9,    27.2,    71.0,    16.5,    57.9,    26.2,    70.9,     0.0,     0.0,     0.0,     0.0,     0.0,     0.0,     0.0,     0.0,"(CONTRACTS OF EUR 125,000)","099741","CME ","099 "
"EURO FX - CHICAGO MERCANTILE EXCHANGE",250916,2025-09-16,099741,CME ,00,099 ,  855448,  253261,  135502,   17086,  490481,  657861,  760828,  810449,   94620,   44999,  855448,  253261,  135502,   17086,  490481,  657861,  760828,  810449,   94620,   44999,       0,       0,       0,       0,       0,       0,       0,       0,       0,       0,  -22656,   -4788,    3130,  -33691,   21620,    9353,  -16859,  -21208,   -5797,   -1448,  100.0,   29.6,   15.8,    2.0,   57.3,   76.9,   88.9,   94.7,   11.1,    5.3,  100.0,   29.6,   15.8,    2.0,   57.3,   76.9,   88.9,   94.7,   11.1,    5.3,    0.0,    0.0,    0.0,    0.0,    0.0,    0.0,    0.0,    0.0,    0.0,    0.0,    310,     94,     42,     27,    132,     87,    237,    145,    310,     94,     42,     27,    132,     87,    237,    145,      0,      0,      0,      0,      0,      0,      0,      0,    17.5,    58.7,    27.3,    71.1,    16.8,    58.6,    26.4,    71.1,    17.5,    58.7,    27.3,    71.1,    16.8,    58.6,    26.4,    71.1,     0.0,     0.0,     0.0,     0.0,     0.0,     0.0,     0.0,     0.0,"(CONTRACTS OF EUR 125,000)","099741","CME ","099 "
"EURO FX - CHICAGO MERCANTILE EXCHANGE",250909,2025-09-09,099741,CME ,00,099 ,  878104,  258049,  132372,   50777,  468861,  648508,  777687,  831657,  100417,   46447,  878104,  258049,  132372,   50777,  468861,  648508,  777687,  831657,  100417,   46447,       0,       0,       0,       0,       0,       0,       0,       0,       0,       0,   32284,    2389,   -3696,   11676,   13165,   21543,   27230,   29523,    5054,    2761,  100.0,   29.4,   15.1,    5.8,   53.4,   73.9,   88.6,   94.7,   11.4,    5.3,  100.0,   29.4,   15.1,    5.8,   53.4,   73.9,   88.6,   94.7,   11.4,    5.3,    0.0,    0.0,    0.0,    0.0,    0.0,    0.0,    0.0,    0.0,    0.0,    0.0,    299,     88,     40,     32,    133,     93,    232,    154,    299,     88,     40,     32,    133,     93,    232,    154,      0,      0,      0,      0,      0,      0,      0,      0,    16.1,    52.2,    27.7,    67.8,    14.6,    52.2,    24.1,    65.3,    16.1,    52.2,    27.7,    67.8,    14.6,    52.2,    24.1,    65.3,     0.0,     0.0,     0.0,     0.0,     0.0,     0.0,     0.0,     0.0,"(CONTRACTS OF EUR 125,000)","099741","CME ","099 "
"EURO FX - CHICAGO MERCANTILE EXCHANGE",250902,2025-09-02,099741,CME ,00,099 ,  845820,  255660,  136068,   39101,  455696,  626965,  750457,  802134,   95363,   43686,  845820,  255660,  136068,   39101,  455696,  626965,  750457,  802134,   95363,   43686,       0,       0,       0,       0,       0,       0,       0,       0,       0,       0,    3605,   -2726,     721,   11531,   -5467,   -7404,    3338,    4848,     267,   -1243,  100.0,   30.2,   16.1,    4.6,   53.9,   74.1,   88.7,   94.8,   11.3,    5.2,  100.0,   30.2,   16.1,    4.6,   53.9,   74.1,   88.7,   94.8,   11.3,    5.2,    0.0,    0.0,    0.0,    0.0,    0.0,    0.0,    0.0,    0.0,    0.0,    0.0,    317,     93,     45,     34,    135,     91,    243,    155,    317,     93,     45,     34,    135,     91,    243,    155,      0,      0,      0,      0,      0,      0,      0,      0,    16.1,    53.6,    26.9,    67.5,    15.4,    53.5,    25.1,    67.0,    16.1,    53.6,    26.9,    67.5,    15.4,    53.5,    25.1,    67.0,     0.0,     0.0,     0.0,     0.0,     0.0,     0.0,     0.0,     0.0,"(CONTRACTS OF EUR 125,000)","099741","CME ","099 "
"EURO FX - CHICAGO MERCANTILE EXCHANGE",250826,2025-08-26,099741,CME ,00,099 ,  842215,  258386,  135347,   27570,  461163,  634369,  747119,  797286,   95096,   44929,  842215,  258386,  135347,   27570,  461163,  634369,  747119,  797286,   95096,   44929,       0,       0,       0,       0,       0,       0,       0,       0,       0,       0,   16996,    5667,    1373,    1509,    8866,   15641,   16042,   18523,     954,   -1527,  100.0,   30.7,   16.1,    3.3,   54.8,   75.3,   88.7,   94.7,   11.3,    5.3,  100.0,   30.7,   16.1,    3.3,   54.8,   75.3,   88.7,   94.7,   11.3,    5.3,    0.0,    0.0,    0.0,    0.0,    0.0,    0.0,    0.0,    0.0,    0.0,    0.0,    313,     94,     40,     32,    134,     93,    240,    153,    313,     94,     40,     32,    134,     93,    240,    153,      0,      0,      0,      0,      0,      0,      0,      0,    16.3,    54.9,    26.5,    68.6,    15.6,    54.0,    25.5,    67.6,    16.3,    54.9,    26.5,    68.6,    15.6,    54.0,    25.5,    67.6,     0.0,     0.0,     0.0,     0.0,     0.0,     0.0,     0.0,     0.0,"(CONTRACTS OF EUR 125,000)","099741","CME ","099 "
"EURO FX - CHICAGO MERCANTILE EXCHANGE",250819,2025-08-19,099741,CME ,00,099 ,  825219,  252719,  133974,   26061,  452297,  618728,  731077,  778763,   94142,   46456,  825219,  252719,  133974,   26061,  452297,  618728,  731077,  778763,   94142,   46456,       0,       0,       0,       0,       0,       0,       0,       0,       0,       0,     247,    6420,    3106,    1518,   -5740,   -6372,    2198,   -1748,   -1951,    1995,  100.0,   30.6,   16.2,    3.2,   54.8,   75.0,   88.6,   94.4,   11.4,    5.6,  100.0,   30.6,   16.2,    3.2,   54.8,   75.0,   88.6,   94.4,   11.4,    5.6,    0.0,    0.0,    0.0,    0.0,    0.0,    0.0,    0.0,    0.0,    0.0,    0.0,    307,     92,     38,     30,    134,     90,    239,    145,    307,     92,     38,     30,    134,     90,    239,    145,      0,      0,      0,      0,      0,      0,      0,      0,    16.6,    55.1,    27.0,    69.0,    15.9,    55.1,    26.0,    68.9,    16.6,    55.1,    27.0,    69.0,    15.9,    55.1,    26.0,    68.9,     0.0,     0.0,     0.0,     0.0,     0.0,     0.0,     0.0,     0.0,"(CONTRACTS OF EUR 125,000)","099741","CME ","099 "
"EURO FX - CHICAGO MERCANTILE EXCHANGE",250812,2025-08-12,099741,CME ,00,099 ,  824972,  246299,  130868,   24543,  458037,  625100,  728879,  780511,   96093,   44461,  824972,  246299,  130868,   24543,  458037,  625100,  728879,  780511,   96093,   44461,       0,       0,       0,       0,       0,       0,       0,       0,       0,       0,    6612,   -1058,    -530,    -676,    4468,    7986,    2734,    6780,    3878,    -168,  100.0,   29.9,   15.9,    3.0,   55.5,   75.8,   88.4,   94.6,   11.6,    5.4,  100.0,   29.9,   15.9,    3.0,   55.5,   75.8,   88.4,   94.6,   11.6,    5.4,    0.0,    0.0,    0.0,    0.0,    0.0,    0.0,    0.0,    0.0,    0.0,    0.0,    304,     90,     37,     27,    134,     90,    236,    142,    304,     90,     37,     27,    134,     90,    236,    142,      0,      0,      0,      0,      0,      0,      0,      0,    16.2,    55.0,    27.4,    68.6,    15.5,    55.0,    26.4,    68.5,    16.2,    55.0,    27.4,    68.6,    15.5,    55.0,    26.4,    68.5,     0.0,     0.0,     0.0,     0.0,     0.0,     0.0,     0.0,     0.0,"(CONTRACTS OF EUR 125,000)","099741","CME ","099 "
"EURO FX - CHICAGO MERCANTILE EXCHANGE",250805,2025-08-05,099741,CME ,00,099 ,  818360,  247357,  131398,   25219,  453569,  617114,  726145,  773731,   92215,   44629,  818360,  247357,  131398,   25219,  453569,  617114,  726145,  773731,   92215,   44629,       0,       0,       0,       0,       0,       0,       0,       0,       0,       0,  -10217,   -1484,    5916,   -4046,    1019,  -11214,   -4511,   -9344,   -5706,    -873,  100.0,   30.2,   16.1,    3.1,   55.4,   75.4,   88.7,   94.5,   11.3,    5.5,  100.0,   30.2,   16.1,    3.1,   55.4,   75.4,   88.7,   94.5,   11.3,    5.5,    0.0,    0.0,    0.0,    0.0,    0.0,    0.0,    0.0,    0.0,    0.0,    0.0,    308,     92,     37,     30,    131,     95,    231,    154,    308,     92,     37,     30,    131,     95,    231,    154,      0,      0,      0,      0,      0,      0,      0,      0,    15.8,    54.6,    27.1,    67.8,    15.1,    54.6,    26.0,    67.8,    15.8,    54.6,    27.1,    67.8,    15.1,    54.6,    26.0,    67.8,     0.0,     0.0,     0.0,     0.0,     0.0,     0.0,     0.0,     0.0,"(CONTRACTS OF EUR 125,000)","099741","CME ","099 "
"EURO FX - CHICAGO MERCANTILE EXCHANGE",250729,2025-07-29,099741,CME ,00,099 ,  828577,  248841,  125482,   29265,  452550,  628328,  730656,  783075,   97921,   45502,  828577,  248841,  125482,   29265,  452550,  628328,  730656,  783075,   97921,   45502,       0,       0,       0,       0,       0,       0,       0,       0,       0,       0,  -14870,     461,    2617,    -486,  -16550,  -18485,  -16575,  -16354,    1705,    1484,  100.0,   30.0,   15.1,    3.5,   54.6,   75.8,   88.2,   94.5,   11.8,    5.5,  100.0,   30.0,   15.1,    3.5,   54.6,   75.8,   88.2,   94.5,   11.8,    5.5,    0.0,    0.0,    0.0,    0.0,    0.0,    0.0,    0.0,    0.0,    0.0,    0.0,    308,     88,     38,     32,    133,     95,    232,    154,    308,     88,     38,     32,    133,     95,    232,    154,      0,      0,      0,      0,      0,      0,      0,      0,    15.5,    54.1,    26.5,    67.1,    14.7,    54.0,    25.3,    67.1,    15.5,    54.1,    26.5,    67.1,    14.7,    54.0,    25.3,    67.1,     0.0,     0.0,     0.0,     0.0,     0.0,     0.0,     0.0,     0.0,"(CONTRACTS OF EUR 125,000)","099741","CME ","099 "
"EURO FX - CHICAGO MERCANTILE EXCHANGE",250722,2025-07-22,099741,CME ,00,099 ,  843447,  248380,  122865,   29751,  469100,  646813,  747231,  799429,   96216,   44018,  843447,  248380,  122865,   29751,  469100,  646813,  747231,  799429,   96216,   44018,       0,       0,       0,       0,       0,       0,       0,       0,       0,       0,   23007,    6284,    8990,     540,   17575,   11073,   24399,   20603,   -1392,    2404,  100.0,   29.4,   14.6,    3.5,   55.6,   76.7,   88.6,   94.8,   11.4,    5.2,  100.0,   29.4,   14.6,    3.5,   55.6,   76.7,   88.6,   94.8,   11.4,    5.2,    0.0,    0.0,    0.0,    0.0,    0.0,    0.0,    0.0,    0.0,    0.0,    0.0,    312,     93,     39,     26,    131,     91,    235,    145,    312,     93,     39,     26,    131,     91,    235,    145,      0,      0,      0,      0,      0,      0,      0,      0,    15.1,    54.3,    25.6,    68.0,    14.4,    54.3,    24.2,    67.9,    15.1,    54.3,    25.6,    68.0,    14.4,    54.3,    24.2,    67.9,     0.0,     0.0,     0.0,     0.0,     0.0,     0.0,     0.0,     0.0,"(CONTRACTS OF EUR 125,000)","099741","CME ","099 "
"EURO FX - CHICAGO MERCANTILE EXCHANGE",250715,2025-07-15,099741,CME ,00,099 ,  820440,  242096,  113875,   29211,  451525,  635740,  722832,  778826,   97608,   41614,  820440,  242096,  113875,   29211,  451525,  635740,  722832,  778826,   97608,   41614,       0,       0,       0,       0,       0,       0,       0,       0,       0,       0,   14593,     971,   -6654,    3809,   11572,   18364,   16352,   15519,   -1759,    -926,  100.0,   29.5,   13.9,    3.6,   55.0,   77.5,   88.1,   94.9,   11.9,    5.1,  100.0,   29.5,   13.9,    3.6,   55.0,   77.5,   88.1,   94.9,   11.9,    5.1,    0.0,    0.0,    0.0,    0.0,    0.0,    0.0,    0.0,    0.0,    0.0,    0.0,    307,     92,     36,     29,    133,     91,    235,    146,    307,     92,     36,     29,    133,     91,    235,    146,      0,      0,      0,      0,      0,      0,      0,      0,    15.4,    54.1,    24.8,    68.3,    14.4,    54.1,    23.3,    68.3,    15.4,    54.1,    24.8,    68.3,    14.4,    54.1,    23.3,    68.3,     0.0,     0.0,     0.0,     0.0,     0.0,     0.0,     0.0,     0.0,"(CONTRACTS OF EUR 125,000)","099741","CME ","099 "
"EURO FX - CHICAGO MERCANTILE EXCHANGE",250708,2025-07-08,099741,CME ,00,099 ,  805847,  241125,  120529,   25402,  439953,  617376,  706480,  763307,   99367,   42540,  805847,  241125,  120529,   25402,  439953,  617376,  706480,  763307,   99367,   42540,       0,       0,       0,       0,       0,       0,       0,       0,       0,       0,   26816,   16146,    3087,   -1777,    9040,   25799,   23409,   27109,    3407,    -293,  100.0,   29.9,   15.0,    3.2,   54.6,   76.6,   87.7,   94.7,   12.3,    5.3,  100.0,   29.9,   15.0,    3.2,   54.6,   76.6,   87.7,   94.7,   12.3,    5.3,    0.0,    0.0,    0.0,    0.0,    0.0,    0.0,    0.0,    0.0,    0.0,    0.0,    303,     89,     39,     27,    132,     86,    232,    141,    303,     89,     39,     27,    132,     86,    232,    141,      0,      0,      0,      0,      0,      0,      0,      0,    15.8,    54.4,    24.4,    67.1,    14.8,    54.4,    23.2,    67.0,    15.8,    54.4,    24.4,    67.1,    14.8,    54.4,    23.2,    67.0,     0.0,     0.0,     0.0,     0.0,     0.0,     0.0,     0.0,     0.0,"(CONTRACTS OF EUR 125,000)","099741","CME ","099 "
"EURO FX - CHICAGO MERCANTILE EXCHANGE",250701,2025-07-01,099741,CME ,00,099 ,  779031,  224979,  117442,   27179,  430913,  591577,  683071,  736198,   95960,   42833,  779031,  224979,  117442,   27179,  430913,  591577,  683071,  736198,   95960,   42833,       0,       0,       0,       0,       0,       0,       0,       0,       0,       0,   16424,    1188,    4786,     596,   13550,    9913,   15334,   15295,    1090,    1129,  100.0,   28.9,   15.1,    3.5,   55.3,   75.9,   87.7,   94.5,   12.3,    5.5,  100.0,   28.9,   15.1,    3.5,   55.3,   75.9,   87.7,   94.5,   12.3,    5.5,    0.0,    0.0,    0.0,    0.0,    0.0,    0.0,    0.0,    0.0,    0.0,    0.0,    316,     95,     44,     30,    131,     90,    238,    152,    316,     95,     44,     30,    131,     90,    238,    152,      0,      0,      0,      0,      0,      0,      0,      0,    15.8,    55.8,    25.3,    66.3,    14.8,    55.8,    24.0,    66.3,    15.8,    55.8,    25.3,    66.3,    14.8,    55.8,    24.0,    66.3,     0.0,     0.0,     0.0,     0.0,     0.0,     0.0,     0.0,     0.0,"(CONTRACTS OF EUR 125,000)","099741","CME ","099 "
"EURO FX - CHICAGO MERCANTILE EXCHANGE",250624,2025-06-24,099741,CME ,00,099 ,  762607,  223791,  112656,   26583,  417363,  581664,  667737,  720903,   94870,   41704,  762607,  223791,  112656,   26583,  417363,  581664,  667737,  720903,   94870,   41704,       0,       0,       0,       0,       0,       0,       0,       0,       0,       0,    6746,    2980,   -6602,    4077,    2634,    5914,    9691,    3389,   -2945,    3357,  100.0,   29.3,   14.8,    3.5,   54.7,   76.3,   87.6,   94.5,   12.4,    5.5,  100.0,   29.3,   14.8,    3.5,   54.7,   76.3,   87.6,   94.5,   12.4,    5.5,    0.0,    0.0,    0.0,    0.0,    0.0,    0.0,    0.0,    0.0,    0.0,    0.0,    306,     98,     35,     31,    130,     84,    240,    138,    306,     98,     35,     31,    130,     84,    240,    138,      0,      0,      0,      0,      0,      0,      0,      0,    15.5,    57.1,    25.2,    67.3,    14.8,    57.0,    23.9,    67.2,    15.5,    57.1,    25.2,    67.3,    14.8,    57.0,    23.9,    67.2,     0.0,     0.0,     0.0,     0.0,     0.0,     0.0,     0.0,     0.0,"(CONTRACTS OF EUR 125,000)","099741","CME ","099 "
"EURO FX - CHICAGO MERCANTILE EXCHANGE",250617,2025-06-17,099741,CME ,00,099 ,  755861,  220811,  119258,   22506,  414729,  575750,  658046,  717514,   97815,   38347,  755861,  220811,  119258,   22506,  414729,  575750,  658046,  717514,   97815,   38347,       0,       0,       0,       0,       0,       0,       0,       0,       0,       0,  -54656,   12057,    3529,  -27611,  -34428,  -24663,  -49982,  -48745,   -4674,   -5911,  100.0,   29.2,   15.8,    3.0,   54.9,   76.2,   87.1,   94.9,   12.9,    5.1,  100.0,   29.2,   15.8,    3.0,   54.9,   76.2,   87.1,   94.9,   12.9,    5.1,    0.0,    0.0,    0.0,    0.0,    0.0,    0.0,    0.0,    0.0,    0.0,    0.0,    304,     92,     37,     26,    131,     87,    231,    142,    304,     92,     37,     26,    131,     87,    231,    142,      0,      0,      0,      0,      0,      0,      0,      0,    16.1,    57.4,    25.6,    68.2,    15.1,    57.4,    24.3,    68.2,    16.1,    57.4,    25.6,    68.2,    15.1,    57.4,    24.3,    68.2,     0.0,     0.0,     0.0,     0.0,     0.0,     0.0,     0.0,     0.0,"(CONTRACTS OF EUR 125,000)","099741","CME ","099 "
"EURO FX - CHICAGO MERCANTILE EXCHANGE",250610,2025-06-10,099741,CME ,00,099 ,  810517,  208754,  115729,   50117,  449157,  600413,  708028,  766259,  102489,   44258,  810517,  208754,  115729,   50117,  449157,  600413,  708028,  766259,  102489,   44258,       0,       0,       0,       0,       0,       0,       0,       0,       0,       0,   29233,    5968,   -4293,    9921,   11480,   24451,   27369,   30079,    1864,    -846,  100.0,   25.8,   14.3,    6.2,   55.4,   74.1,   87.4,   94.5,   12.6,    5.5,  100.0,   25.8,   14.3,    6.2,   55.4,   74.1,   87.4,   94.5,   12.6,    5.5,    0.0,    0.0,    0.0,    0.0,    0.0,    0.0,    0.0,    0.0,    0.0,    0.0,    301,     94,     38,     32,    131,     87,    237,    146,    301,     94,     38,     32,    131,     87,    237,    146,      0,      0,      0,      0,      0,      0,      0,      0,    15.2,    47.4,    24.5,    63.0,    14.2,    46.1,    22.5,    60.4,    15.2,    47.4,    24.5,    63.0,    14.2,    46.1,    22.5,    60.4,     0.0,     0.0,     0.0,     0.0,     0.0,     0.0,     0.0,     0.0,"(CONTRACTS OF EUR 125,000)","099741","CME ","099 "
"EURO FX - CHICAGO MERCANTILE EXCHANGE",250603,2025-06-03,099741,CME ,00,099 ,  781284,  202786,  120022,   40196,  437677,  575962,  680659,  736180,  100625,   45104,  781284,  202786,  120022,   40196,  437677,  575962,  680659,  736180,  100625,   45104,       0,       0,       0,       0,       0,       0,       0,       0,       0,       0,   20813,   -1540,   -4830,    7295,    9711,   16095,   15466,   18560,    5347,    2253,  100.0,   26.0,   15.4,    5.1,   56.0,   73.7,   87.1,   94.2,   12.9,    5.8,  100.0,   26.0,   15.4,    5.1,   56.0,   73.7,   87.1,   94.2,   12.9,    5.8,    0.0,    0.0,    0.0,    0.0,    0.0,    0.0,    0.0,    0.0,    0.0,    0.0,    304,     90,     43,     30,    129,     91,    230,    153,    304,     90,     43,     30,    129,     91,    230,    153,      0,      0,      0,      0,      0,      0,      0,      0,    15.8,    47.4,    25.3,    62.3,    14.8,    46.8,    23.7,    61.7,    15.8,    47.4,    25.3,    62.3,    14.8,    46.8,    23.7,    61.7,     0.0,     0.0,     0.0,     0.0,     0.0,     0.0,     0.0,     0.0,"(CONTRACTS OF EUR 125,000)","099741","CME ","099 "
"EURO FX - CHICAGO MERCANTILE EXCHANGE",250527,2025-05-27,099741,CME ,00,099 ,  760471,  204326,  124852,   32901,  427966,  559867,  665193,  717620,   95278,   42851,  760471,  204326,  124852,   32901,  427966,  559867,  665193,  717620,   95278,   42851,       0,       0,       0,       0,       0,       0,       0,       0,       0,       0,    1222,   -1716,   -6737,   -2778,    4510,    9581,      16,      66,    1206,    1156,  100.0,   26.9,   16.4,    4.3,   56.3,   73.6,   87.5,   94.4,   12.5,    5.6,  100.0,   26.9,   16.4,    4.3,   56.3,   73.6,   87.5,   94.4,   12.5,    5.6,    0.0,    0.0,    0.0,    0.0,    0.0,    0.0,    0.0,    0.0,    0.0,    0.0,    305,     90,     42,     34,    127,     93,    228,    158,    305,     90,     42,     34,    127,     93,    228,    158,      0,      0,      0,      0,      0,      0,      0,      0,    16.1,    44.9,    25.6,    61.0,    15.2,    44.8,    24.4,    60.9,    16.1,    44.9,    25.6,    61.0,    15.2,    44.8,    24.4,    60.9,     0.0,     0.0,     0.0,     0.0,     0.0,     0.0,     0.0,     0.0,"(CONTRACTS OF EUR 125,000)","099741","CME ","099 "
"EURO FX - CHICAGO MERCANTILE EXCHANGE",250520,2025-05-20,099741,CME ,00,099 ,  759249,  206042,  131589,   35679,  423456,  550286,  665177,  717554,   94072,   41695,  759249,  206042,  131589,   35679,  423456,  550286,  665177,  717554,   94072,   41695,       0,       0,       0,       0,       0,       0,       0,       0,       0,       0,    8343,   -3507,    6814,   -4489,   16796,    9344,    8800,   11669,    -457,   -3326,  100.0,   27.1,   17.3,    4.7,   55.8,   72.5,   87.6,   94.5,   12.4,    5.5,  100.0,   27.1,   17.3,    4.7,   55.8,   72.5,   87.6,   94.5,   12.4,    5.5,    0.0,    0.0,    0.0,    0.0,    0.0,    0.0,    0.0,    0.0,    0.0,    0.0,    299,     90,     44,     30,    124,     86,    223,    151,    299,     90,     44,     30,    124,     86,    223,    151,      0,      0,      0,      0,      0,      0,      0,      0,    16.1,    43.9,    25.5,    60.3,    15.2,    43.8,    24.3,    60.2,    16.1,    43.9,    25.5,    60.3,    15.2,    43.8,    24.3,    60.2,     0.0,     0.0,     0.0,     0.0,     0.0,     0.0,     0.0,     0.0,"(CONTRACTS OF EUR 125,000)","099741","CME ","099 "
"EURO FX - CHICAGO MERCANTILE EXCHANGE",250513,2025-05-13,099741,CME ,00,099 ,  750906,  209549,  124775,   40168,  406660,  540942,  656377,  705885,   94529,   45021,  750906,  209549,  124775,   40168,  406660,  540942,  656377,  705885,   94529,   45021,       0,       0,       0,       0,       0,       0,       0,       0,       0,       0,   13893,   15357,    6302,     -78,    1125,    4068,   16404,   10292,   -2511,    3601,  100.0,   27.9,   16.6,    5.3,   54.2,   72.0,   87.4,   94.0,   12.6,    6.0,  100.0,   27.9,   16.6,    5.3,   54.2,   72.0,   87.4,   94.0,   12.6,    6.0,    0.0,    0.0,    0.0,    0.0,    0.0,    0.0,    0.0,    0.0,    0.0,    0.0,    299,     94,     38,     31,    121,     93,    225,    152,    299,     94,     38,     31,    121,     93,    225,    152,      0,      0,      0,      0,      0,      0,      0,      0,    16.1,    43.9,    25.6,    61.2,    15.2,    43.9,    24.2,    61.1,    16.1,    43.9,    25.6,    61.2,    15.2,    43.9,    24.2,    61.1,     0.0,     0.0,     0.0,     0.0,     0.0,     0.0,     0.0,     0.0,"(CONTRACTS OF EUR 125,000)","099741","CME ","099 "
"EURO FX - CHICAGO MERCANTILE EXCHANGE",250506,2025-05-06,099741,CME ,00,099 ,  737013,  194192,  118473,   40246,  405535,  536874,  639973,  695593,   97040,   41420,  737013,  194192,  118473,   40246,  405535,  536874,  639973,  695593,   97040,   41420,       0,       0,       0,       0,       0,       0,       0,       0,       0,       0,    6801,   -2196,   -2118,    5544,    3789,    3617,    7137,    7043,    -336,    -242,  100.0,   26.3,   16.1,    5.5,   55.0,   72.8,   86.8,   94.4,   13.2,    5.6,  100.0,   26.3,   16.1,    5.5,   55.0,   72.8,   86.8,   94.4,   13.2,    5.6,    0.0,    0.0,    0.0,    0.0,    0.0,    0.0,    0.0,    0.0,    0.0,    0.0,    306,     96,     37,     31,    125,     97,    232,    154,    306,     96,     37,     31,    125,     97,    232,    154,      0,      0,      0,      0,      0,      0,      0,      0,    16.4,    42.2,    25.9,    60.8,    15.5,    42.1,    24.3,    60.7,    16.4,    42.2,    25.9,    60.8,    15.5,    42.1,    24.3,    60.7,     0.0,     0.0,     0.0,     0.0,     0.0,     0.0,     0.0,     0.0,"(CONTRACTS OF EUR 125,000)","099741","CME ","099 "
"EURO FX - CHICAGO MERCANTILE EXCHANGE",250429,2025-04-29,099741,CME ,00,099 ,  730212,  196388,  120591,   34702,  401746,  533257,  632836,  688550,   97376,   41662,  730212,  196388,  120591,   34702,  401746,  533257,  632836,  688550,   97376,   41662,       0,       0,       0,       0,       0,       0,       0,       0,       0,       0,   10980,     183,  -10586,    9285,     489,   14059,    9957,   12758,    1023,   -1778,  100.0,   26.9,   16.5,    4.8,   55.0,   73.0,   86.7,   94.3,   13.3,    5.7,  100.0,   26.9,   16.5,    4.8,   55.0,   73.0,   86.7,   94.3,   13.3,    5.7,    0.0,    0.0,    0.0,    0.0,    0.0,    0.0,    0.0,    0.0,    0.0,    0.0,    308,     93,     44,     33,    123,     96,    230,    159,    308,     93,     44,     33,    123,     96,    230,    159,      0,      0,      0,      0,      0,      0,      0,      0,    16.5,    42.1,    26.1,    60.9,    15.7,    42.1,    24.8,    60.8,    16.5,    42.1,    26.1,    60.9,    15.7,    42.1,    24.8,    60.8,     0.0,     0.0,     0.0,     0.0,     0.0,     0.0,     0.0,     0.0,"(CONTRACTS OF EUR 125,000)","099741","CME ","099 "
"EURO FX - CHICAGO MERCANTILE EXCHANGE",250422,2025-04-22,099741,CME ,00,099 ,  719232,  196205,  131177,   25417,  401257,  519198,  622879,  675792,   96353,   43440,  719232,  196205,  131177,   25417,  401257,  519198,  622879,  675792,   96353,   43440,       0,       0,       0,       0,       0,       0,       0,       0,       0,       0,   11110,    -898,    3354,    2265,    6261,    6287,    7628,   11906,    3482,    -796,  100.0,   27.3,   18.2,    3.5,   55.8,   72.2,   86.6,   94.0,   13.4,    6.0,  100.0,   27.3,   18.2,    3.5,   55.8,   72.2,   86.6,   94.0,   13.4,    6.0,    0.0,    0.0,    0.0,    0.0,    0.0,    0.0,    0.0,    0.0,    0.0,    0.0,    307,     93,     44,     30,    123,     95,    229,    156,    307,     93,     44,     30,    123,     95,    229,    156,      0,      0,      0,      0,      0,      0,      0,      0,    16.7,    41.8,    26.1,    60.9,    15.8,    41.8,    24.9,    60.9,    16.7,    41.8,    26.1,    60.9,    15.8,    41.8,    24.9,    60.9,     0.0,     0.0,     0.0,     0.0,     0.0,     0.0,     0.0,     0.0,"(CONTRACTS OF EUR 125,000)","099741","CME ","099 "
"EURO FX - CHICAGO MERCANTILE EXCHANGE",250415,2025-04-15,099741,CME ,00,099 ,  708122,  197103,  127823,   23152,  394996,  512911,  615251,  663886,   92871,   44236,  708122,  197103,  127823,   23152,  394996,  512911,  615251,  663886,   92871,   44236,       0,       0,       0,       0,       0,       0,       0,       0,       0,       0,   10346,    6807,   -2493,   -1802,   -6862,   20637,   -1857,   16342,   12203,   -5996,  100.0,   27.8,   18.1,    3.3,   55.8,   72.4,   86.9,   93.8,   13.1,    6.2,  100.0,   27.8,   18.1,    3.3,   55.8,   72.4,   86.9,   93.8,   13.1,    6.2,    0.0,    0.0,    0.0,    0.0,    0.0,    0.0,    0.0,    0.0,    0.0,    0.0,    298,     89,     40,     30,    122,     93,    222,    152,    298,     89,     40,     30,    122,     93,    222,    152,      0,      0,      0,      0,      0,      0,      0,      0,    17.3,    41.7,    27.0,    60.8,    16.4,    41.7,    25.8,    60.7,    17.3,    41.7,    27.0,    60.8,    16.4,    41.7,    25.8,    60.7,     0.0,     0.0,     0.0,     0.0,     0.0,     0.0,     0.0,     0.0,"(CONTRACTS OF EUR 125,000)","099741","CME ","099 "
"EURO FX - CHICAGO MERCANTILE EXCHANGE",250408,2025-04-08,099741,CME ,00,099 ,  697776,  190296,  130316,   24954,  401858,  492274,  617108,  647544,   80668,   50232,  697776,  190296,  130316,   24954,  401858,  492274,  617108,  647544,   80668,   50232,       0,       0,       0,       0,       0,       0,       0,       0,       0,       0,   26949,    7049,   -1096,   -3075,   22439,   29983,   26413,   25812,     536,    1137,  100.0,   27.3,   18.7,    3.6,   57.6,   70.5,   88.4,   92.8,   11.6,    7.2,  100.0,   27.3,   18.7,    3.6,   57.6,   70.5,   88.4,   92.8,   11.6,    7.2,    0.0,    0.0,    0.0,    0.0,    0.0,    0.0,    0.0,    0.0,    0.0,    0.0,    300,     83,     43,     29,    126,     95,    219,    157,    300,     83,     43,     29,    126,     95,    219,    157,      0,      0,      0,      0,      0,      0,      0,      0,    17.2,    39.9,    26.8,    58.8,    16.0,    39.9,    25.2,    58.8,    17.2,    39.9,    26.8,    58.8,    16.0,    39.9,    25.2,    58.8,     0.0,     0.0,     0.0,     0.0,     0.0,     0.0,     0.0,     0.0,"(CONTRACTS OF EUR 125,000)","099741","CME ","099 "
"EURO FX - CHICAGO MERCANTILE EXCHANGE",250401,2025-04-01,099741,CME ,00,099 ,  670827,  183247,  131412,   28029,  379419,  462291,  590695,  621732,   80132,   49095,  670827,  183247,  131412,   28029,  379419,  462291,  590695,  621732,   80132,   49095,       0,       0,       0,       0,       0,       0,       0,       0,       0,       0,   -2048,   -6549,    7141,    2446,    3666,  -13778,    -437,   -4191,   -1611,    2143,  100.0,   27.3,   19.6,    4.2,   56.6,   68.9,   88.1,   92.7,   11.9,    7.3,  100.0,   27.3,   19.6,    4.2,   56.6,   68.9,   88.1,   92.7,   11.9,    7.3,    0.0,    0.0,    0.0,    0.0,    0.0,    0.0,    0.0,    0.0,    0.0,    0.0,    303,     84,     49,     38,    123,     90,    222,    162,    303,     84,     49,     38,    123,     90,    222,    162,      0,      0,      0,      0,      0,      0,      0,      0,    18.0,    40.9,    27.7,    55.6,    16.4,    40.9,    25.9,    55.6,    18.0,    40.9,    27.7,    55.6,    16.4,    40.9,    25.9,    55.6,     0.0,     0.0,     0.0,     0.0,     0.0,     0.0,     0.0,     0.0,"(CONTRACTS OF EUR 125,000)","099741","CME ","099 "
"EURO FX - CHICAGO MERCANTILE EXCHANGE",250325,2025-03-25,099741,CME ,00,099 ,  672875,  189796,  124271,   25583,  375753,  476069,  591132,  625923,   81743,   46952,  672875,  189796,  124271,   25583,  375753,  476069,  591132,  625923,   81743,   46952,       0,       0,       0,       0,       0,       0,       0,       0,       0,       0,   20255,     844,   -5256,    3855,   16336,   24292,   21035,   22891,    -780,   -2636,  100.0,   28.2,   18.5,    3.8,   55.8,   70.8,   87.9,   93.0,   12.1,    7.0,  100.0,   28.2,   18.5,    3.8,   55.8,   70.8,   87.9,   93.0,   12.1,    7.0,    0.0,    0.0,    0.0,    0.0,    0.0,    0.0,    0.0,    0.0,    0.0,    0.0,    303,     81,     51,     34,    126,     92,    223,    161,    303,     81,     51,     34,    126,     92,    223,    161,      0,      0,      0,      0,      0,      0,      0,      0,    18.2,    42.2,    27.9,    57.0,    16.7,    42.2,    26.2,    56.9,    18.2,    42.2,    27.9,    57.0,    16.7,    42.2,    26.2,    56.9,     0.0,     0.0,     0.0,     0.0,     0.0,     0.0,     0.0,     0.0,"(CONTRACTS OF EUR 125,000)","099741","CME ","099 "
"EURO FX - CHICAGO MERCANTILE EXCHANGE",250318,2025-03-18,099741,CME ,00,099 ,  652620,  188952,  129527,   21728,  359417,  451777,  570097,  603032,   82523,   49588,  652620,  188952,  129527,   21728,  359417,  451777,  570097,  603032,   82523,   49588,       0,       0,       0,       0,       0,       0,       0,       0,       0,       0,  -77140,     305,  -46030,  -24714,  -35088,    9425,  -59497,  -61319,  -17643,  -15821,  100.0,   29.0,   19.8,    3.3,   55.1,   69.2,   87.4,   92.4,   12.6,    7.6,  100.0,   29.0,   19.8,    3.3,   55.1,   69.2,   87.4,   92.4,   12.6,    7.6,    0.0,    0.0,    0.0,    0.0,    0.0,    0.0,    0.0,    0.0,    0.0,    0.0,    298,     80,     51,     34,    123,     94,    219,    163,    298,     80,     51,     34,    123,     94,    219,    163,      0,      0,      0,      0,      0,      0,      0,      0,    17.9,    43.2,    27.7,    55.4,    16.6,    43.2,    25.9,    55.4,    17.9,    43.2,    27.7,    55.4,    16.6,    43.2,    25.9,    55.4,     0.0,     0.0,     0.0,     0.0,     0.0,     0.0,     0.0,     0.0,"(CONTRACTS OF EUR 125,000)","099741","CME ","099 "
"EURO FX - CHICAGO MERCANTILE EXCHANGE",250311,2025-03-11,099741,CME ,00,099 ,  729760,  188647,  175557,   46442,  394505,  442352,  629594,  664351,  100166,   65409,  729760,  188647,  175557,   46442,  394505,  442352,  629594,  664351,  100166,   65409,       0,       0,       0,       0,       0,       0,       0,       0,       0,       0,   45941,    3424,  -19772,    8097,   17575,   46163,   29096,   34488,   16845,   11453,  100.0,   25.9,   24.1,    6.4,   54.1,   60.6,   86.3,   91.0,   13.7,    9.0,  100.0,   25.9,   24.1,    6.4,   54.1,   60.6,   86.3,   91.0,   13.7,    9.0,    0.0,    0.0,    0.0,    0.0,    0.0,    0.0,    0.0,    0.0,    0.0,    0.0,    301,     75,     60,     43,    128,     94,    226,    174,    301,     75,     60,     43,    128,     94,    226,    174,      0,      0,      0,      0,      0,      0,      0,      0,    16.1,    38.0,    25.6,    48.9,    14.8,    36.1,    23.4,    46.9,    16.1,    38.0,    25.6,    48.9,    14.8,    36.1,    23.4,    46.9,     0.0,     0.0,     0.0,     0.0,     0.0,     0.0,     0.0,     0.0,"(CONTRACTS OF EUR 125,000)","099741","CME ","099 "
"EURO FX - CHICAGO MERCANTILE EXCHANGE",250304,2025-03-04,099741,CME ,00,099 ,  683819,  185223,  195329,   38345,  376930,  396189,  600498,  629863,   83321,   53956,  683819,  185223,  195329,   38345,  376930,  396189,  600498,  629863,   83321,   53956,       0,       0,       0,       0,       0,       0,       0,       0,       0,       0,   25135,    2524,  -12795,    3471,   14453,   33072,   20448,   23748,    4687,    1387,  100.0,   27.1,   28.6,    5.6,   55.1,   57.9,   87.8,   92.1,   12.2,    7.9,  100.0,   27.1,   28.6,    5.6,   55.1,   57.9,   87.8,   92.1,   12.2,    7.9,    0.0,    0.0,    0.0,    0.0,    0.0,    0.0,    0.0,    0.0,    0.0,    0.0,    306,     76,     64,     44,    123,     95,    225,    178,    306,     76,     64,     44,    123,     95,    225,    178,      0,      0,      0,      0,      0,      0,      0,      0,    17.1,    33.6,    26.9,    45.4,    15.3,    33.3,    24.2,    44.4,    17.1,    33.6,    26.9,    45.4,    15.3,    33.3,    24.2,    44.4,     0.0,     0.0,     0.0,     0.0,     0.0,     0.0,     0.0,     0.0,"(CONTRACTS OF EUR 125,000)","099741","CME ","099 "
"EURO FX - CHICAGO MERCANTILE EXCHANGE",250225,2025-02-25,099741,CME ,00,099 ,  658684,  182699,  208124,   34874,  362477,  363117,  580050,  606115,   78634,   52569,  658684,  182699,  208124,   34874,  362477,  363117,  580050,  606115,   78634,   52569,       0,       0,       0,       0,       0,       0,       0,       0,       0,       0,   20660,   12379,  -13616,    4106,    1238,   28073,   17723,   18563,    2937,    2097,  100.0,   27.7,   31.6,    5.3,   55.0,   55.1,   88.1,   92.0,   11.9,    8.0,  100.0,   27.7,   31.6,    5.3,   55.0,   55.1,   88.1,   92.0,   11.9,    8.0,    0.0,    0.0,    0.0,    0.0,    0.0,    0.0,    0.0,    0.0,    0.0,    0.0,    309,     75,     66,     40,    126,    101,    222,    186,    309,     75,     66,     40,    126,    101,    222,    186,      0,      0,      0,      0,      0,      0,      0,      0,    17.5,    30.6,    27.3,    43.6,    15.7,    30.5,    24.5,    42.9,    17.5,    30.6,    27.3,    43.6,    15.7,    30.5,    24.5,    42.9,     0.0,     0.0,     0.0,     0.0,     0.0,     0.0,     0.0,     0.0,"(CONTRACTS OF EUR 125,000)","099741","CME ","099 "
"EURO FX - CHICAGO MERCANTILE EXCHANGE",250218,2025-02-18,099741,CME ,00,099 ,  638024,  170320,  221740,   30768,  361239,  335044,  562327,  587552,   75697,   50472,  638024,  170320,  221740,   30768,  361239,  335044,  562327,  587552,   75697,   50472,       0,       0,       0,       0,       0,       0,       0,       0,       0,       0,   15151,    4726,   -8279,    2246,    8725,   22504,   15697,   16471,    -546,   -1320,  100.0,   26.7,   34.8,    4.8,   56.6,   52.5,   88.1,   92.1,   11.9,    7.9,  100.0,   26.7,   34.8,    4.8,   56.6,   52.5,   88.1,   92.1,   11.9,    7.9,    0.0,    0.0,    0.0,    0.0,    0.0,    0.0,    0.0,    0.0,    0.0,    0.0,    309,     72,     69,     41,    124,     99,    219,    186,    309,     72,     69,     41,    124,     99,    219,    186,      0,      0,      0,      0,      0,      0,      0,      0,    18.1,    29.6,    27.8,    40.6,    16.2,    29.5,    25.0,    39.9,    18.1,    29.6,    27.8,    40.6,    16.2,    29.5,    25.0,    39.9,     0.0,     0.0,     0.0,     0.0,     0.0,     0.0,     0.0,     0.0,"(CONTRACTS OF EUR 125,000)","099741","CME ","099 "
"EURO FX - CHICAGO MERCANTILE EXCHANGE",250211,2025-02-11,099741,CME ,00,099 ,  622873,  165594,  230019,   28522,  352514,  312540,  546630,  571081,   76243,   51792,  622873,  165594,  230019,   28522,  352514,  312540,  546630,  571081,   76243,   51792,       0,       0,       0,       0,       0,       0,       0,       0,       0,       0,    6250,    3040,    8851,   -2856,    4160,     657,    4344,    6652,    1906,    -402,  100.0,   26.6,   36.9,    4.6,   56.6,   50.2,   87.8,   91.7,   12.2,    8.3,  100.0,   26.6,   36.9,    4.6,   56.6,   50.2,   87.8,   91.7,   12.2,    8.3,    0.0,    0.0,    0.0,    0.0,    0.0,    0.0,    0.0,    0.0,    0.0,    0.0,    298,     70,     64,     36,    115,     99,    203,    181,    298,     70,     64,     36,    115,     99,    203,    181,      0,      0,      0,      0,      0,      0,      0,      0,    18.5,    28.9,    28.3,    39.4,    16.5,    28.0,    25.6,    38.6,    18.5,    28.9,    28.3,    39.4,    16.5,    28.0,    25.6,    38.6,     0.0,     0.0,     0.0,     0.0,     0.0,     0.0,     0.0,     0.0,"(CONTRACTS OF EUR 125,000)","099741","CME ","099 "
"EURO FX - CHICAGO MERCANTILE EXCHANGE",250204,2025-02-04,099741,CME ,00,099 ,  616623,  162554,  221168,   31378,  348354,  311883,  542286,  564429,   74337,   52194,  616623,  162554,  221168,   31378,  348354,  311883,  542286,  564429,   74337,   52194,       0,       0,       0,       0,       0,       0,       0,       0,       0,       0,   -2285,    8894,     904,   -3058,   -6476,   -1352,    -640,   -3506,   -1645,    1221,  100.0,   26.4,   35.9,    5.1,   56.5,   50.6,   87.9,   91.5,   12.1,    8.5,  100.0,   26.4,   35.9,    5.1,   56.5,   50.6,   87.9,   91.5,   12.1,    8.5,    0.0,    0.0,    0.0,    0.0,    0.0,    0.0,    0.0,    0.0,    0.0,    0.0,    299,     68,     65,     33,    115,     97,    201,    178,    299,     68,     65,     33,    115,     97,    201,    178,      0,      0,      0,      0,      0,      0,      0,      0,    18.6,    28.2,    27.7,    38.8,    16.6,    27.4,    25.0,    38.0,    18.6,    28.2,    27.7,    38.8,    16.6,    27.4,    25.0,    38.0,     0.0,     0.0,     0.0,     0.0,     0.0,     0.0,     0.0,     0.0,"(CONTRACTS OF EUR 125,000)","099741","CME ","099 "
"EURO FX - CHICAGO MERCANTILE EXCHANGE",250128,2025-01-28,099741,CME ,00,099 ,  618908,  153660,  220264,   34436,  354830,  313235,  542926,  567935,   75982,   50973,  618908,  153660,  220264,   34436,  354830,  313235,  542926,  567935,   75982,   50973,       0,       0,       0,       0,       0,       0,       0,       0,       0,       0,    9416,  -14005,   -9887,    6888,   16111,   18811,    8994,   15812,     422,   -6396,  100.0,   24.8,   35.6,    5.6,   57.3,   50.6,   87.7,   91.8,   12.3,    8.2,  100.0,   24.8,   35.6,    5.6,   57.3,   50.6,   87.7,   91.8,   12.3,    8.2,    0.0,    0.0,    0.0,    0.0,    0.0,    0.0,    0.0,    0.0,    0.0,    0.0,    300,     71,     67,     31,    114,     94,    200,    178,    300,     71,     67,     31,    114,     94,    200,    178,      0,      0,      0,      0,      0,      0,      0,      0,    18.6,    28.6,    27.3,    39.6,    16.7,    28.0,    24.7,    38.8,    18.6,    28.6,    27.3,    39.6,    16.7,    28.0,    24.7,    38.8,     0.0,     0.0,     0.0,     0.0,     0.0,     0.0,     0.0,     0.0,"(CONTRACTS OF EUR 125,000)","099741","CME ","099 "
"EURO FX - CHICAGO MERCANTILE EXCHANGE",250121,2025-01-21,099741,CME ,00,099 ,  609492,  167665,  230151,   27548,  338719,  294424,  533932,  552123,   75560,   57369,  609492,  167665,  230151,   27548,  338719,  294424,  533932,  552123,   75560,   57369,       0,       0,       0,       0,       0,       0,       0,       0,       0,       0,    5267,    4905,    6994,    -210,   -2306,    1736,    2389,    8520,    2878,   -3253,  100.0,   27.5,   37.8,    4.5,   55.6,   48.3,   87.6,   90.6,   12.4,    9.4,  100.0,   27.5,   37.8,    4.5,   55.6,   48.3,   87.6,   90.6,   12.4,    9.4,    0.0,    0.0,    0.0,    0.0,    0.0,    0.0,    0.0,    0.0,    0.0,    0.0,    298,     71,     69,     32,    112,     95,    199,    180,    298,     71,     69,     32,    112,     95,    199,    180,      0,      0,      0,      0,      0,      0,      0,      0,    18.3,    28.8,    27.4,    39.5,    16.3,    28.5,    25.2,    39.2,    18.3,    28.8,    27.4,    39.5,    16.3,    28.5,    25.2,    39.2,     0.0,     0.0,     0.0,     0.0,     0.0,     0.0,     0.0,     0.0,"(CONTRACTS OF EUR 125,000)","099741","CME ","099 "
"EURO FX - CHICAGO MERCANTILE EXCHANGE",250114,2025-01-14,099741,CME ,00,099 ,  604225,  162760,  223157,   27758,  341025,  292688,  531543,  543603,   72682,   60622,  604225,  162760,  223157,   27758,  341025,  292688,  531543,  543603,   72682,   60622,       0,       0,       0,       0,       0,       0,       0,       0,       0,       0,    1038,   -3743,   -7470,    3096,    5652,    2319,    5005,   -2055,   -3967,    3093,  100.0,   26.9,   36.9,    4.6,   56.4,   48.4,   88.0,   90.0,   12.0,   10.0,  100.0,   26.9,   36.9,    4.6,   56.4,   48.4,   88.0,   90.0,   12.0,   10.0,    0.0,    0.0,    0.0,    0.0,    0.0,    0.0,    0.0,    0.0,    0.0,    0.0,    287,     68,     64,     35,    107,     95,    191,    179,    287,     68,     64,     35,    107,     95,    191,    179,      0,      0,      0,      0,      0,      0,      0,      0,    18.6,    29.4,    28.1,    39.7,    16.6,    29.1,    26.1,    39.4,    18.6,    29.4,    28.1,    39.7,    16.6,    29.1,    26.1,    39.4,     0.0,     0.0,     0.0,     0.0,     0.0,     0.0,     0.0,     0.0,"(CONTRACTS OF EUR 125,000)","099741","CME ","099 "
"EURO FX - CHICAGO MERCANTILE EXCHANGE",250107,2025-01-07,099741,CME ,00,099 ,  603187,  166503,  230627,   24662,  335373,  290369,  526538,  545658,   76649,   57529,  603187,  166503,  230627,   24662,  335373,  290369,  526538,  545658,   76649,   57529,       0,       0,       0,       0,       0,       0,       0,       0,       0,       0,   -5972,   -2303,   -7743,    2456,   -9295,   -3238,   -9142,   -8525,    3170,    2553,  100.0,   27.6,   38.2,    4.1,   55.6,   48.1,   87.3,   90.5,   12.7,    9.5,  100.0,   27.6,   38.2,    4.1,   55.6,   48.1,   87.3,   90.5,   12.7,    9.5,    0.0,    0.0,    0.0,    0.0,    0.0,    0.0,    0.0,    0.0,    0.0,    0.0,    284,     71,     61,     30,    107,     93,    189,    173,    284,     71,     61,     30,    107,     93,    189,    173,      0,      0,      0,      0,      0,      0,      0,      0,    18.7,    29.2,    27.9,    39.9,    16.7,    28.9,    25.8,    39.6,    18.7,    29.2,    27.9,    39.9,    16.7,    28.9,    25.8,    39.6,     0.0,     0.0,     0.0,     0.0,     0.0,     0.0,     0.0,     0.0,"(CONTRACTS OF EUR 125,000)","099741","CME ","099 "
